height: 480
width: 640
D: [0.0, 0.0, 0.0, 0.0, 0.0]
K: [490.7543586537664, 0.0, 320.0, 0.0, 490.7543586537664, 240.0, 0.0, 0.0, 1.0]
R: [0.9999958657760012, -0.0022553109403902227, 0.0017838171061581537, 0.0022553145286024028, 0.9999974567749544, 0.0, -0.0017838125695098126, 4.023068635887978e-06, 0.9999984089970002]
P: [490.1815097430762, -1.1055162921525423, 320.8749068989283, 0.0, 0.6786904183644387, 490.7540760914629, 239.99961815928006, 0.0, -0.0017838125695098126, 4.023068635887978e-06, 0.9999984089970002, 0.0]

