height: 480
width: 640
D: [0.0, 0.0, 0.0, 0.0, 0.0]
K: [1, 0.0, 0, 0.0, 1, 0.0, 0.0, 0.0, 1.0]
R: [0.9999958657760012, -0.0022553109403902227, 0.0017838171061581537, 0.0022553145286024028, 0.9999974567749544, 0.0, -0.0017838125695098126, 4.023068635887978e-06, 0.9999984089970002]
P: [1, 0.0, 0, 0.0, 0.0, 1, 0.0, 0.0, 0.0, 0.0, 1.0, 0.0]
