height: 480
width: 640
D: [0.0, 0.0, 0.0, 0.0, 0.0]
K: [1145.04940459, 0, 512.54150496, 0, 1143.78109572, 515.45148698, 0, 0, 1]
R: [0.9999958657760012, -0.0022553109403902227, 0.0017838171061581537, 0.0022553145286024028, 0.9999974567749544, 0.0, -0.0017838125695098126, 4.023068635887978e-06, 0.9999984089970002]
P: [-0.91536173, 0.40180837, 0.02574754, 1841.10702775, 0.05154812, 0.18037357, -0.98224649, 4955.28462345, -0.39931903, -0.89778361, -0.18581953, 1563.4453959]

